raiz-00:00:07.6128149
amistoso-00:00:09.2850111
bola-00:00:09.6128149
yaoc-00:00:11.5562866
kop-00:00:11.5863564
sebss-00:00:11.7560270
lolo-00:00:13.2817252
yolo-00:00:16.2817252
prieva-00:00:19.6906637
oraculo-00:00:22.6906637
yaaas-00:00:24.5562866
